Vector Snapshot (Rust Emulator)
Vector Count: 868 

#	X0	Y0	X1	Y1	Color	Length
0	-31.00	33.00	-31.00	33.00	127	0.00
1	-27.00	33.00	-26.00	33.00	127	1.00
2	-20.00	33.00	-17.00	33.00	127	3.00
3	-17.00	33.00	-14.00	33.00	127	3.00
4	-8.00	33.00	-6.00	33.00	127	2.00
5	-6.00	33.00	-4.00	33.00	127	2.00
6	2.00	33.00	5.00	33.00	127	3.00
7	5.00	33.00	8.00	33.00	127	3.00
8	14.00	33.00	16.00	33.00	127	2.00
9	16.00	33.00	18.00	33.00	127	2.00
10	25.00	33.00	28.00	33.00	127	3.00
11	28.00	33.00	31.00	33.00	127	3.00
12	37.00	33.00	37.00	33.00	127	0.00
13	41.00	33.00	42.00	33.00	127	1.00
14	-37.00	30.00	-36.00	30.00	127	1.00
15	-33.00	30.00	-31.00	30.00	127	2.00
16	-26.00	30.00	-25.00	30.00	127	1.00
17	-14.00	30.00	-13.00	30.00	127	1.00
18	-10.00	30.00	-8.00	30.00	127	2.00
19	-3.00	30.00	-2.00	30.00	127	1.00
20	-1.00	30.00	0.00	30.00	127	1.00
21	0.00	30.00	0.00	30.00	127	0.00
22	1.00	30.00	2.00	30.00	127	1.00
23	8.00	30.00	9.00	30.00	127	1.00
24	12.00	30.00	14.00	30.00	127	2.00
25	19.00	30.00	20.00	30.00	127	1.00
26	31.00	30.00	31.00	30.00	127	0.00
27	35.00	30.00	37.00	30.00	127	2.00
28	-43.00	27.00	-42.00	27.00	127	1.00
29	-38.00	27.00	-37.00	27.00	127	1.00
30	-31.00	27.00	-31.00	27.00	127	0.00
31	-20.00	27.00	-19.00	27.00	127	1.00
32	-6.00	27.00	-6.00	27.00	127	0.00
33	-6.00	27.00	-5.00	27.00	127	1.00
34	2.00	27.00	3.00	27.00	127	1.00
35	7.00	27.00	8.00	27.00	127	1.00
36	14.00	27.00	14.00	27.00	127	0.00
37	26.00	27.00	27.00	27.00	127	1.00
38	28.00	27.00	30.00	27.00	127	2.00
39	-48.00	24.00	-47.00	24.00	127	1.00
40	-45.00	24.00	-44.00	24.00	127	1.00
41	-37.00	24.00	-34.00	24.00	127	3.00
42	-34.00	24.00	-34.00	24.00	127	0.00
43	-26.00	24.00	-25.00	24.00	127	1.00
44	-12.00	24.00	-12.00	24.00	127	0.00
45	-12.00	24.00	-11.00	24.00	127	1.00
46	-3.00	24.00	0.00	24.00	127	3.00
47	0.00	24.00	1.00	24.00	127	1.00
48	8.00	24.00	10.00	24.00	127	2.00
49	10.00	24.00	11.00	24.00	127	1.00
50	21.00	24.00	22.00	24.00	127	1.00
51	22.00	24.00	23.00	24.00	127	1.00
52	-54.00	21.00	-52.00	21.00	127	2.00
53	-51.00	21.00	-50.00	21.00	127	1.00
54	-43.00	21.00	-42.00	21.00	127	1.00
55	-31.00	21.00	-31.00	21.00	127	0.00
56	-18.00	21.00	-17.00	21.00	127	1.00
57	-17.00	21.00	-17.00	21.00	127	0.00
58	-8.00	21.00	-8.00	21.00	127	0.00
59	-6.00	21.00	-6.00	21.00	127	0.00
60	-6.00	21.00	-5.00	21.00	127	1.00
61	2.00	21.00	3.00	21.00	127	1.00
62	14.00	21.00	16.00	21.00	127	2.00
63	17.00	21.00	18.00	21.00	127	1.00
64	-58.00	18.00	-57.00	18.00	127	1.00
65	-57.00	18.00	-57.00	18.00	127	0.00
66	-49.00	18.00	-48.00	18.00	127	1.00
67	-37.00	18.00	-36.00	18.00	127	1.00
68	-33.00	18.00	-31.00	18.00	127	2.00
69	-24.00	18.00	-23.00	18.00	127	1.00
70	-23.00	18.00	-22.00	18.00	127	1.00
71	-14.00	18.00	-13.00	18.00	127	1.00
72	-11.00	18.00	-10.00	18.00	127	1.00
73	-3.00	18.00	-2.00	18.00	127	1.00
74	8.00	18.00	9.00	18.00	127	1.00
75	12.00	18.00	14.00	18.00	127	2.00
76	-64.00	15.00	-63.00	15.00	127	1.00
77	-63.00	15.00	-63.00	15.00	127	0.00
78	-54.00	15.00	-52.00	15.00	127	2.00
79	-52.00	15.00	-49.00	15.00	127	3.00
80	-42.00	15.00	-40.00	15.00	127	2.00
81	-40.00	15.00	-38.00	15.00	127	2.00
82	-29.00	15.00	-29.00	15.00	127	0.00
83	-29.00	15.00	-28.00	15.00	127	1.00
84	-20.00	15.00	-19.00	15.00	127	1.00
85	-15.00	15.00	-14.00	15.00	127	1.00
86	-8.00	15.00	-6.00	15.00	127	2.00
87	-6.00	15.00	-3.00	15.00	127	3.00
88	2.00	15.00	3.00	15.00	127	1.00
89	7.00	15.00	8.00	15.00	127	1.00
90	-31.00	33.00	-31.00	33.00	127	0.00
91	-27.00	33.00	-26.00	33.00	127	1.00
92	-20.00	33.00	-17.00	33.00	127	3.00
93	-17.00	33.00	-14.00	33.00	127	3.00
94	-8.00	33.00	-6.00	33.00	127	2.00
95	-6.00	33.00	-4.00	33.00	127	2.00
96	2.00	33.00	5.00	33.00	127	3.00
97	5.00	33.00	8.00	33.00	127	3.00
98	14.00	33.00	16.00	33.00	127	2.00
99	16.00	33.00	18.00	33.00	127	2.00
100	25.00	33.00	28.00	33.00	127	3.00
101	28.00	33.00	31.00	33.00	127	3.00
102	37.00	33.00	37.00	33.00	127	0.00
103	41.00	33.00	42.00	33.00	127	1.00
104	-37.00	30.00	-36.00	30.00	127	1.00
105	-33.00	30.00	-31.00	30.00	127	2.00
106	-26.00	30.00	-25.00	30.00	127	1.00
107	-14.00	30.00	-13.00	30.00	127	1.00
108	-10.00	30.00	-8.00	30.00	127	2.00
109	-3.00	30.00	-2.00	30.00	127	1.00
110	-1.00	30.00	0.00	30.00	127	1.00
111	0.00	30.00	0.00	30.00	127	0.00
112	1.00	30.00	2.00	30.00	127	1.00
113	8.00	30.00	9.00	30.00	127	1.00
114	12.00	30.00	14.00	30.00	127	2.00
115	19.00	30.00	20.00	30.00	127	1.00
116	31.00	30.00	31.00	30.00	127	0.00
117	35.00	30.00	37.00	30.00	127	2.00
118	-43.00	27.00	-42.00	27.00	127	1.00
119	-38.00	27.00	-37.00	27.00	127	1.00
120	-31.00	27.00	-31.00	27.00	127	0.00
121	-20.00	27.00	-19.00	27.00	127	1.00
122	-6.00	27.00	-6.00	27.00	127	0.00
123	-6.00	27.00	-5.00	27.00	127	1.00
124	2.00	27.00	3.00	27.00	127	1.00
125	7.00	27.00	8.00	27.00	127	1.00
126	14.00	27.00	14.00	27.00	127	0.00
127	26.00	27.00	27.00	27.00	127	1.00
128	28.00	27.00	30.00	27.00	127	2.00
129	-48.00	25.00	-47.00	25.00	127	1.00
130	-45.00	25.00	-44.00	25.00	127	1.00
131	-37.00	25.00	-34.00	25.00	127	3.00
132	-34.00	25.00	-34.00	25.00	127	0.00
133	-26.00	25.00	-25.00	25.00	127	1.00
134	-12.00	25.00	-12.00	25.00	127	0.00
135	-12.00	25.00	-11.00	25.00	127	1.00
136	-3.00	25.00	0.00	25.00	127	3.00
137	0.00	25.00	1.00	25.00	127	1.00
138	8.00	25.00	10.00	25.00	127	2.00
139	10.00	25.00	11.00	25.00	127	1.00
140	21.00	25.00	22.00	25.00	127	1.00
141	22.00	25.00	23.00	25.00	127	1.00
142	-54.00	22.00	-52.00	22.00	127	2.00
143	-51.00	22.00	-50.00	22.00	127	1.00
144	-43.00	22.00	-42.00	22.00	127	1.00
145	-31.00	22.00	-31.00	22.00	127	0.00
146	-18.00	22.00	-17.00	22.00	127	1.00
147	-17.00	22.00	-17.00	22.00	127	0.00
148	-8.00	22.00	-8.00	22.00	127	0.00
149	-6.00	22.00	-6.00	22.00	127	0.00
150	-6.00	22.00	-5.00	22.00	127	1.00
151	2.00	22.00	3.00	22.00	127	1.00
152	14.00	22.00	16.00	22.00	127	2.00
153	17.00	22.00	18.00	22.00	127	1.00
154	-58.00	20.00	-57.00	20.00	127	1.00
155	-57.00	20.00	-57.00	20.00	127	0.00
156	-49.00	20.00	-48.00	20.00	127	1.00
157	-37.00	20.00	-36.00	20.00	127	1.00
158	-33.00	20.00	-31.00	20.00	127	2.00
159	-24.00	20.00	-23.00	20.00	127	1.00
160	-23.00	20.00	-22.00	20.00	127	1.00
161	-14.00	20.00	-13.00	20.00	127	1.00
162	-11.00	20.00	-10.00	20.00	127	1.00
163	-3.00	20.00	-2.00	20.00	127	1.00
164	8.00	20.00	9.00	20.00	127	1.00
165	12.00	20.00	14.00	20.00	127	2.00
166	-64.00	17.00	-63.00	17.00	127	1.00
167	-63.00	17.00	-63.00	17.00	127	0.00
168	-54.00	17.00	-52.00	17.00	127	2.00
169	-52.00	17.00	-49.00	17.00	127	3.00
170	-42.00	17.00	-40.00	17.00	127	2.00
171	-40.00	17.00	-38.00	17.00	127	2.00
172	-29.00	17.00	-29.00	17.00	127	0.00
173	-29.00	17.00	-28.00	17.00	127	1.00
174	-20.00	17.00	-19.00	17.00	127	1.00
175	-15.00	17.00	-14.00	17.00	127	1.00
176	-8.00	17.00	-6.00	17.00	127	2.00
177	-6.00	17.00	-3.00	17.00	127	3.00
178	2.00	17.00	3.00	17.00	127	1.00
179	7.00	17.00	8.00	17.00	127	1.00
180	-8.00	-28.00	-6.00	-28.00	127	2.00
181	-6.00	-28.00	-3.00	-28.00	127	3.00
182	2.00	-28.00	4.00	-28.00	127	2.00
183	4.00	-28.00	6.00	-28.00	127	2.00
184	13.00	-28.00	16.00	-28.00	127	3.00
185	16.00	-28.00	19.00	-28.00	127	3.00
186	-14.00	-29.00	-14.00	-29.00	127	0.00
187	-3.00	-29.00	-2.00	-29.00	127	1.00
188	1.00	-29.00	2.00	-29.00	127	1.00
189	8.00	-29.00	8.00	-29.00	127	0.00
190	-20.00	-30.00	-20.00	-30.00	127	0.00
191	-9.00	-30.00	-8.00	-30.00	127	1.00
192	2.00	-30.00	2.00	-30.00	127	0.00
193	-26.00	-31.00	-25.00	-31.00	127	1.00
194	-23.00	-31.00	-20.00	-31.00	127	3.00
195	-14.00	-31.00	-14.00	-31.00	127	0.00
196	-3.00	-31.00	0.00	-31.00	127	3.00
197	0.00	-31.00	0.00	-31.00	127	0.00
198	-32.00	-31.00	-31.00	-31.00	127	1.00
199	-27.00	-31.00	-26.00	-31.00	127	1.00
200	-20.00	-31.00	-20.00	-31.00	127	0.00
201	-9.00	-31.00	-8.00	-31.00	127	1.00
202	-37.00	-32.00	-37.00	-32.00	127	0.00
203	-33.00	-32.00	-32.00	-32.00	127	1.00
204	-26.00	-32.00	-25.00	-32.00	127	1.00
205	-21.00	-32.00	-20.00	-32.00	127	1.00
206	-14.00	-32.00	-14.00	-32.00	127	0.00
207	-42.00	-33.00	-41.00	-33.00	127	1.00
208	-41.00	-33.00	-37.00	-33.00	127	4.00
209	-31.00	-33.00	-29.00	-33.00	127	2.00
210	-29.00	-33.00	-27.00	-33.00	127	2.00
211	-20.00	-33.00	-18.00	-33.00	127	2.00
212	-18.00	-33.00	-14.00	-33.00	127	4.00
213	-34.00	-45.00	-33.00	-45.00	127	1.00
214	-33.00	-45.00	-31.00	-45.00	127	2.00
215	-27.00	-45.00	-27.00	-45.00	127	0.00
216	-25.00	-45.00	-24.00	-45.00	127	1.00
217	-21.00	-45.00	-19.00	-45.00	127	2.00
218	-19.00	-45.00	-17.00	-45.00	127	2.00
219	-14.00	-45.00	-12.00	-45.00	127	2.00
220	-12.00	-45.00	-11.00	-45.00	127	1.00
221	-7.00	-45.00	-6.00	-45.00	127	1.00
222	-6.00	-45.00	-5.00	-45.00	127	1.00
223	-1.00	-45.00	0.00	-45.00	127	1.00
224	0.00	-45.00	2.00	-45.00	127	2.00
225	6.00	-45.00	7.00	-45.00	127	1.00
226	7.00	-45.00	7.00	-45.00	127	0.00
227	12.00	-45.00	13.00	-45.00	127	1.00
228	13.00	-45.00	14.00	-45.00	127	1.00
229	18.00	-45.00	19.00	-45.00	127	1.00
230	21.00	-45.00	22.00	-45.00	127	1.00
231	26.00	-45.00	27.00	-45.00	127	1.00
232	27.00	-45.00	28.00	-45.00	127	1.00
233	32.00	-45.00	32.00	-45.00	127	0.00
234	34.00	-45.00	35.00	-45.00	127	1.00
235	39.00	-45.00	40.00	-45.00	127	1.00
236	40.00	-45.00	42.00	-45.00	127	2.00
237	-37.00	-46.00	-37.00	-46.00	127	0.00
238	-31.00	-46.00	-30.00	-46.00	127	1.00
239	-28.00	-46.00	-27.00	-46.00	127	1.00
240	-24.00	-46.00	-24.00	-46.00	127	0.00
241	-23.00	-46.00	-23.00	-46.00	127	0.00
242	-23.00	-46.00	-22.00	-46.00	127	1.00
243	-21.00	-46.00	-21.00	-46.00	127	0.00
244	-17.00	-46.00	-17.00	-46.00	127	0.00
245	-11.00	-46.00	-10.00	-46.00	127	1.00
246	-8.00	-46.00	-7.00	-46.00	127	1.00
247	-4.00	-46.00	-4.00	-46.00	127	0.00
248	-3.00	-46.00	-2.00	-46.00	127	1.00
249	-2.00	-46.00	-2.00	-46.00	127	0.00
250	-1.00	-46.00	-1.00	-46.00	127	0.00
251	2.00	-46.00	3.00	-46.00	127	1.00
252	4.00	-46.00	4.00	-46.00	127	0.00
253	10.00	-46.00	10.00	-46.00	127	0.00
254	10.00	-46.00	10.00	-46.00	127	0.00
255	15.00	-46.00	16.00	-46.00	127	1.00
256	18.00	-46.00	18.00	-46.00	127	0.00
257	23.00	-46.00	23.00	-46.00	127	0.00
258	23.00	-46.00	24.00	-46.00	127	1.00
259	29.00	-46.00	30.00	-46.00	127	1.00
260	31.00	-46.00	32.00	-46.00	127	1.00
261	35.00	-46.00	36.00	-46.00	127	1.00
262	-41.00	-46.00	-40.00	-46.00	127	1.00
263	-34.00	-46.00	-34.00	-46.00	127	0.00
264	-33.00	-46.00	-33.00	-46.00	127	0.00
265	-33.00	-46.00	-32.00	-46.00	127	1.00
266	-31.00	-46.00	-31.00	-46.00	127	0.00
267	-26.00	-46.00	-26.00	-46.00	127	0.00
268	-26.00	-46.00	-26.00	-46.00	127	0.00
269	-21.00	-46.00	-20.00	-46.00	127	1.00
270	-14.00	-46.00	-14.00	-46.00	127	0.00
271	-11.00	-46.00	-11.00	-46.00	127	0.00
272	-6.00	-46.00	-6.00	-46.00	127	0.00
273	-6.00	-46.00	-5.00	-46.00	127	1.00
274	-1.00	-46.00	0.00	-46.00	127	1.00
275	1.00	-46.00	2.00	-46.00	127	1.00
276	6.00	-46.00	7.00	-46.00	127	1.00
277	7.00	-46.00	7.00	-46.00	127	0.00
278	12.00	-46.00	12.00	-46.00	127	0.00
279	13.00	-46.00	13.00	-46.00	127	0.00
280	13.00	-46.00	14.00	-46.00	127	1.00
281	14.00	-46.00	15.00	-46.00	127	1.00
282	20.00	-46.00	20.00	-46.00	127	0.00
283	20.00	-46.00	20.00	-46.00	127	0.00
284	25.00	-46.00	26.00	-46.00	127	1.00
285	26.00	-46.00	27.00	-46.00	127	1.00
286	27.00	-46.00	27.00	-46.00	127	0.00
287	28.00	-46.00	29.00	-46.00	127	1.00
288	32.00	-46.00	32.00	-46.00	127	0.00
289	-44.00	-47.00	-43.00	-47.00	127	1.00
290	-43.00	-47.00	-42.00	-47.00	127	1.00
291	-37.00	-47.00	-37.00	-47.00	127	0.00
292	-36.00	-47.00	-34.00	-47.00	127	2.00
293	-30.00	-47.00	-29.00	-47.00	127	1.00
294	-29.00	-47.00	-29.00	-47.00	127	0.00
295	-24.00	-47.00	-23.00	-47.00	127	1.00
296	-23.00	-47.00	-22.00	-47.00	127	1.00
297	-17.00	-47.00	-16.00	-47.00	127	1.00
298	-16.00	-47.00	-15.00	-47.00	127	1.00
299	-10.00	-47.00	-9.00	-47.00	127	1.00
300	-9.00	-47.00	-9.00	-47.00	127	0.00
301	-4.00	-47.00	-4.00	-47.00	127	0.00
302	-1.00	-47.00	-1.00	-47.00	127	0.00
303	3.00	-47.00	3.00	-47.00	127	0.00
304	3.00	-47.00	4.00	-47.00	127	1.00
305	8.00	-47.00	9.00	-47.00	127	1.00
306	10.00	-47.00	12.00	-47.00	127	2.00
307	16.00	-47.00	17.00	-47.00	127	1.00
308	17.00	-47.00	17.00	-47.00	127	0.00
309	22.00	-47.00	22.00	-47.00	127	0.00
310	24.00	-47.00	25.00	-47.00	127	1.00
311	29.00	-47.00	29.00	-47.00	127	0.00
312	30.00	-47.00	32.00	-47.00	127	2.00
313	-47.00	-48.00	-47.00	-48.00	127	0.00
314	-41.00	-48.00	-40.00	-48.00	127	1.00
315	-38.00	-48.00	-37.00	-48.00	127	1.00
316	-33.00	-48.00	-33.00	-48.00	127	0.00
317	-33.00	-48.00	-32.00	-48.00	127	1.00
318	-27.00	-48.00	-27.00	-48.00	127	0.00
319	-21.00	-48.00	-20.00	-48.00	127	1.00
320	-20.00	-48.00	-19.00	-48.00	127	1.00
321	-19.00	-48.00	-19.00	-48.00	127	0.00
322	-13.00	-48.00	-12.00	-48.00	127	1.00
323	-12.00	-48.00	-12.00	-48.00	127	0.00
324	-7.00	-48.00	-6.00	-48.00	127	1.00
325	-6.00	-48.00	-4.00	-48.00	127	2.00
326	0.00	-48.00	0.00	-48.00	127	0.00
327	0.00	-48.00	0.00	-48.00	127	0.00
328	5.00	-48.00	5.00	-48.00	127	0.00
329	8.00	-48.00	8.00	-48.00	127	0.00
330	13.00	-48.00	13.00	-48.00	127	0.00
331	13.00	-48.00	14.00	-48.00	127	1.00
332	18.00	-48.00	19.00	-48.00	127	1.00
333	21.00	-48.00	22.00	-48.00	127	1.00
334	25.00	-48.00	26.00	-48.00	127	1.00
335	28.00	-48.00	29.00	-48.00	127	1.00
336	-51.00	-49.00	-50.00	-49.00	127	1.00
337	-44.00	-49.00	-44.00	-49.00	127	0.00
338	-42.00	-49.00	-41.00	-49.00	127	1.00
339	-36.00	-49.00	-36.00	-49.00	127	0.00
340	-36.00	-49.00	-36.00	-49.00	127	0.00
341	-31.00	-49.00	-30.00	-49.00	127	1.00
342	-24.00	-49.00	-24.00	-49.00	127	0.00
343	-22.00	-49.00	-21.00	-49.00	127	1.00
344	-16.00	-49.00	-16.00	-49.00	127	0.00
345	-16.00	-49.00	-15.00	-49.00	127	1.00
346	-11.00	-49.00	-10.00	-49.00	127	1.00
347	-8.00	-49.00	-7.00	-49.00	127	1.00
348	-3.00	-49.00	-2.00	-49.00	127	1.00
349	-2.00	-49.00	-2.00	-49.00	127	0.00
350	2.00	-49.00	2.00	-49.00	127	0.00
351	4.00	-49.00	5.00	-49.00	127	1.00
352	10.00	-49.00	10.00	-49.00	127	0.00
353	10.00	-49.00	10.00	-49.00	127	0.00
354	15.00	-49.00	16.00	-49.00	127	1.00
355	18.00	-49.00	18.00	-49.00	127	0.00
356	22.00	-49.00	22.00	-49.00	127	0.00
357	24.00	-49.00	25.00	-49.00	127	1.00
358	-54.00	-50.00	-53.00	-50.00	127	1.00
359	-53.00	-50.00	-51.00	-50.00	127	2.00
360	-47.00	-50.00	-47.00	-50.00	127	0.00
361	-45.00	-50.00	-44.00	-50.00	127	1.00
362	-40.00	-50.00	-39.00	-50.00	127	1.00
363	-39.00	-50.00	-39.00	-50.00	127	0.00
364	-34.00	-50.00	-33.00	-50.00	127	1.00
365	-33.00	-50.00	-31.00	-50.00	127	2.00
366	-27.00	-50.00	-27.00	-50.00	127	0.00
367	-25.00	-50.00	-24.00	-50.00	127	1.00
368	-20.00	-50.00	-19.00	-50.00	127	1.00
369	-19.00	-50.00	-19.00	-50.00	127	0.00
370	-14.00	-50.00	-14.00	-50.00	127	0.00
371	-11.00	-50.00	-11.00	-50.00	127	0.00
372	-7.00	-50.00	-6.00	-50.00	127	1.00
373	-6.00	-50.00	-5.00	-50.00	127	1.00
374	-1.00	-50.00	0.00	-50.00	127	1.00
375	1.00	-50.00	2.00	-50.00	127	1.00
376	5.00	-50.00	7.00	-50.00	127	2.00
377	7.00	-50.00	8.00	-50.00	127	1.00
378	12.00	-50.00	12.00	-50.00	127	0.00
379	14.00	-50.00	15.00	-50.00	127	1.00
380	19.00	-50.00	20.00	-50.00	127	1.00
381	20.00	-50.00	22.00	-50.00	127	2.00
382	-24.00	-59.00	-24.00	-59.00	127	0.00
383	-22.00	-59.00	-21.00	-59.00	127	1.00
384	-18.00	-59.00	-16.00	-59.00	127	2.00
385	-16.00	-59.00	-14.00	-59.00	127	2.00
386	-11.00	-59.00	-11.00	-59.00	127	0.00
387	-9.00	-59.00	-8.00	-59.00	127	1.00
388	2.00	-59.00	3.00	-59.00	127	1.00
389	3.00	-59.00	4.00	-59.00	127	1.00
390	8.00	-59.00	9.00	-59.00	127	1.00
391	9.00	-59.00	11.00	-59.00	127	2.00
392	15.00	-59.00	16.00	-59.00	127	1.00
393	16.00	-59.00	18.00	-59.00	127	2.00
394	22.00	-59.00	23.00	-59.00	127	1.00
395	23.00	-59.00	23.00	-59.00	127	0.00
396	28.00	-59.00	30.00	-59.00	127	2.00
397	30.00	-59.00	31.00	-59.00	127	1.00
398	-28.00	-59.00	-27.00	-59.00	127	1.00
399	-25.00	-59.00	-24.00	-59.00	127	1.00
400	-21.00	-59.00	-21.00	-59.00	127	0.00
401	-14.00	-59.00	-14.00	-59.00	127	0.00
402	-12.00	-59.00	-11.00	-59.00	127	1.00
403	0.00	-59.00	0.00	-59.00	127	0.00
404	0.00	-59.00	0.00	-59.00	127	0.00
405	5.00	-59.00	6.00	-59.00	127	1.00
406	7.00	-59.00	8.00	-59.00	127	1.00
407	11.00	-59.00	12.00	-59.00	127	1.00
408	18.00	-59.00	19.00	-59.00	127	1.00
409	20.00	-59.00	21.00	-59.00	127	1.00
410	25.00	-59.00	25.00	-59.00	127	0.00
411	27.00	-59.00	28.00	-59.00	127	1.00
412	-31.00	-60.00	-31.00	-60.00	127	0.00
413	-30.00	-60.00	-30.00	-60.00	127	0.00
414	-30.00	-60.00	-29.00	-60.00	127	1.00
415	-29.00	-60.00	-28.00	-60.00	127	1.00
416	-24.00	-60.00	-24.00	-60.00	127	0.00
417	-18.00	-60.00	-17.00	-60.00	127	1.00
418	-15.00	-60.00	-14.00	-60.00	127	1.00
419	-3.00	-60.00	-3.00	-60.00	127	0.00
420	-3.00	-60.00	-3.00	-60.00	127	0.00
421	2.00	-60.00	2.00	-60.00	127	0.00
422	4.00	-60.00	5.00	-60.00	127	1.00
423	8.00	-60.00	8.00	-60.00	127	0.00
424	15.00	-60.00	15.00	-60.00	127	0.00
425	17.00	-60.00	18.00	-60.00	127	1.00
426	22.00	-60.00	22.00	-60.00	127	0.00
427	-35.00	-61.00	-34.00	-61.00	127	1.00
428	-33.00	-61.00	-31.00	-61.00	127	2.00
429	-28.00	-61.00	-26.00	-61.00	127	2.00
430	-26.00	-61.00	-26.00	-61.00	127	0.00
431	-21.00	-61.00	-21.00	-61.00	127	0.00
432	-20.00	-61.00	-20.00	-61.00	127	0.00
433	-20.00	-61.00	-19.00	-61.00	127	1.00
434	-19.00	-61.00	-18.00	-61.00	127	1.00
435	-7.00	-61.00	-6.00	-61.00	127	1.00
436	-6.00	-61.00	-6.00	-61.00	127	0.00
437	-1.00	-61.00	0.00	-61.00	127	1.00
438	1.00	-61.00	1.00	-61.00	127	0.00
439	5.00	-61.00	6.00	-61.00	127	1.00
440	6.00	-61.00	6.00	-61.00	127	0.00
441	11.00	-61.00	12.00	-61.00	127	1.00
442	14.00	-61.00	15.00	-61.00	127	1.00
443	19.00	-61.00	20.00	-61.00	127	1.00
444	20.00	-61.00	20.00	-61.00	127	0.00
445	-38.00	-62.00	-38.00	-62.00	127	0.00
446	-35.00	-62.00	-35.00	-62.00	127	0.00
447	-31.00	-62.00	-31.00	-62.00	127	0.00
448	-24.00	-62.00	-24.00	-62.00	127	0.00
449	-23.00	-62.00	-23.00	-62.00	127	0.00
450	-23.00	-62.00	-23.00	-62.00	127	0.00
451	-22.00	-62.00	-21.00	-62.00	127	1.00
452	-10.00	-62.00	-10.00	-62.00	127	0.00
453	-10.00	-62.00	-9.00	-62.00	127	1.00
454	-4.00	-62.00	-3.00	-62.00	127	1.00
455	-2.00	-62.00	-1.00	-62.00	127	1.00
456	1.00	-62.00	2.00	-62.00	127	1.00
457	8.00	-62.00	9.00	-62.00	127	1.00
458	9.00	-62.00	11.00	-62.00	127	2.00
459	17.00	-62.00	17.00	-62.00	127	0.00
460	-41.00	-63.00	-41.00	-63.00	127	0.00
461	-39.00	-63.00	-38.00	-63.00	127	1.00
462	-35.00	-63.00	-34.00	-63.00	127	1.00
463	-28.00	-63.00	-27.00	-63.00	127	1.00
464	-27.00	-63.00	-26.00	-63.00	127	1.00
465	-26.00	-63.00	-26.00	-63.00	127	0.00
466	-25.00	-63.00	-24.00	-63.00	127	1.00
467	-13.00	-63.00	-13.00	-63.00	127	0.00
468	-13.00	-63.00	-13.00	-63.00	127	0.00
469	-7.00	-63.00	-7.00	-63.00	127	0.00
470	-5.00	-63.00	-4.00	-63.00	127	1.00
471	-1.00	-63.00	-1.00	-63.00	127	0.00
472	5.00	-63.00	5.00	-63.00	127	0.00
473	7.00	-63.00	8.00	-63.00	127	1.00
474	11.00	-63.00	12.00	-63.00	127	1.00
475	14.00	-63.00	15.00	-63.00	127	1.00
476	-45.00	-63.00	-44.00	-63.00	127	1.00
477	-42.00	-63.00	-41.00	-63.00	127	1.00
478	-38.00	-63.00	-36.00	-63.00	127	2.00
479	-36.00	-63.00	-35.00	-63.00	127	1.00
480	-31.00	-63.00	-30.00	-63.00	127	1.00
481	-29.00	-63.00	-29.00	-63.00	127	0.00
482	-17.00	-63.00	-16.00	-63.00	127	1.00
483	-16.00	-63.00	-15.00	-63.00	127	1.00
484	-11.00	-63.00	-10.00	-63.00	127	1.00
485	-10.00	-63.00	-9.00	-63.00	127	1.00
486	-4.00	-63.00	-3.00	-63.00	127	1.00
487	-3.00	-63.00	-1.00	-63.00	127	2.00
488	1.00	-63.00	2.00	-63.00	127	1.00
489	4.00	-63.00	5.00	-63.00	127	1.00
490	8.00	-63.00	9.00	-63.00	127	1.00
491	9.00	-63.00	11.00	-63.00	127	2.00
492	-72.00	110.00	-72.00	110.00	127	0.00
493	-72.00	110.00	-71.00	110.00	127	1.00
494	-64.00	110.00	-64.00	110.00	127	0.00
495	-64.00	110.00	-63.00	110.00	127	1.00
496	-63.00	110.00	-61.00	110.00	127	2.00
497	-54.00	110.00	-53.00	110.00	127	1.00
498	-53.00	110.00	-52.00	110.00	127	1.00
499	-52.00	110.00	-51.00	110.00	127	1.00
500	-44.00	110.00	-43.00	110.00	127	1.00
501	-43.00	110.00	-42.00	110.00	127	1.00
502	-42.00	110.00	-40.00	110.00	127	2.00
503	-33.00	110.00	-33.00	110.00	127	0.00
504	-33.00	110.00	-32.00	110.00	127	1.00
505	-32.00	110.00	-30.00	110.00	127	2.00
506	-23.00	110.00	-23.00	110.00	127	0.00
507	-23.00	110.00	-21.00	110.00	127	2.00
508	-21.00	110.00	-20.00	110.00	127	1.00
509	-13.00	110.00	-12.00	110.00	127	1.00
510	-12.00	110.00	-11.00	110.00	127	1.00
511	-11.00	110.00	-9.00	110.00	127	2.00
512	-3.00	110.00	-2.00	110.00	127	1.00
513	-2.00	110.00	-1.00	110.00	127	1.00
514	-1.00	110.00	0.00	110.00	127	1.00
515	7.00	110.00	7.00	110.00	127	0.00
516	7.00	110.00	8.00	110.00	127	1.00
517	8.00	110.00	10.00	110.00	127	2.00
518	17.00	110.00	17.00	110.00	127	0.00
519	17.00	110.00	19.00	110.00	127	2.00
520	19.00	110.00	20.00	110.00	127	1.00
521	27.00	110.00	28.00	110.00	127	1.00
522	28.00	110.00	29.00	110.00	127	1.00
523	29.00	110.00	31.00	110.00	127	2.00
524	37.00	110.00	38.00	110.00	127	1.00
525	38.00	110.00	39.00	110.00	127	1.00
526	39.00	110.00	41.00	110.00	127	2.00
527	48.00	110.00	48.00	110.00	127	0.00
528	48.00	110.00	49.00	110.00	127	1.00
529	49.00	110.00	51.00	110.00	127	2.00
530	58.00	110.00	59.00	110.00	127	1.00
531	59.00	110.00	60.00	110.00	127	1.00
532	60.00	110.00	61.00	110.00	127	1.00
533	68.00	110.00	69.00	110.00	127	1.00
534	69.00	110.00	70.00	110.00	127	1.00
535	70.00	110.00	72.00	110.00	127	2.00
536	75.00	110.00	75.00	110.00	127	0.00
537	75.00	110.00	75.00	110.00	127	0.00
538	75.00	110.00	75.00	110.00	127	0.00
539	75.00	110.00	75.00	110.00	127	0.00
540	75.00	110.00	75.00	109.00	127	1.00
541	75.00	99.00	75.00	98.00	127	1.00
542	75.00	98.00	75.00	96.00	127	2.00
543	75.00	96.00	75.00	94.00	127	2.00
544	75.00	83.00	75.00	83.00	127	0.00
545	75.00	83.00	75.00	81.00	127	2.00
546	75.00	81.00	75.00	78.00	127	3.00
547	75.00	68.00	75.00	67.00	127	1.00
548	75.00	67.00	75.00	66.00	127	1.00
549	75.00	66.00	75.00	63.00	127	3.00
550	75.00	53.00	75.00	52.00	127	1.00
551	75.00	52.00	75.00	51.00	127	1.00
552	75.00	51.00	75.00	48.00	127	3.00
553	75.00	38.00	75.00	37.00	127	1.00
554	75.00	37.00	75.00	35.00	127	2.00
555	75.00	35.00	75.00	33.00	127	2.00
556	75.00	23.00	75.00	22.00	127	1.00
557	75.00	22.00	75.00	20.00	127	2.00
558	75.00	20.00	75.00	18.00	127	2.00
559	75.00	8.00	75.00	7.00	127	1.00
560	75.00	7.00	75.00	5.00	127	2.00
561	75.00	5.00	75.00	2.00	127	3.00
562	75.00	-7.00	75.00	-7.00	127	0.00
563	75.00	-7.00	75.00	-9.00	127	2.00
564	75.00	-9.00	75.00	-12.00	127	3.00
565	75.00	-22.00	75.00	-23.00	127	1.00
566	75.00	-23.00	75.00	-24.00	127	1.00
567	75.00	-24.00	75.00	-27.00	127	3.00
568	75.00	-37.00	75.00	-38.00	127	1.00
569	75.00	-38.00	75.00	-40.00	127	2.00
570	75.00	-40.00	75.00	-42.00	127	2.00
571	75.00	-52.00	75.00	-53.00	127	1.00
572	75.00	-53.00	75.00	-55.00	127	2.00
573	75.00	-55.00	75.00	-57.00	127	2.00
574	75.00	-67.00	75.00	-68.00	127	1.00
575	75.00	-68.00	75.00	-70.00	127	2.00
576	75.00	-70.00	75.00	-72.00	127	2.00
577	75.00	-83.00	75.00	-83.00	127	0.00
578	75.00	-83.00	75.00	-85.00	127	2.00
579	75.00	-85.00	75.00	-88.00	127	3.00
580	75.00	-98.00	75.00	-99.00	127	1.00
581	75.00	-99.00	75.00	-100.00	127	1.00
582	75.00	-100.00	75.00	-103.00	127	3.00
583	75.00	-108.00	75.00	-108.00	127	0.00
584	75.00	-108.00	75.00	-108.00	127	0.00
585	75.00	-108.00	75.00	-108.00	127	0.00
586	75.00	-108.00	75.00	-108.00	127	0.00
587	75.00	-108.00	75.00	-108.00	127	0.00
588	68.00	-108.00	67.00	-108.00	127	1.00
589	67.00	-108.00	66.00	-108.00	127	1.00
590	66.00	-108.00	64.00	-108.00	127	2.00
591	57.00	-108.00	57.00	-108.00	127	0.00
592	57.00	-108.00	56.00	-108.00	127	1.00
593	56.00	-108.00	54.00	-108.00	127	2.00
594	47.00	-108.00	46.00	-108.00	127	1.00
595	46.00	-108.00	45.00	-108.00	127	1.00
596	45.00	-108.00	43.00	-108.00	127	2.00
597	36.00	-108.00	36.00	-108.00	127	0.00
598	36.00	-108.00	35.00	-108.00	127	1.00
599	35.00	-108.00	33.00	-108.00	127	2.00
600	26.00	-108.00	25.00	-108.00	127	1.00
601	25.00	-108.00	24.00	-108.00	127	1.00
602	24.00	-108.00	23.00	-108.00	127	1.00
603	16.00	-108.00	15.00	-108.00	127	1.00
604	15.00	-108.00	14.00	-108.00	127	1.00
605	14.00	-108.00	12.00	-108.00	127	2.00
606	5.00	-108.00	5.00	-108.00	127	0.00
607	5.00	-108.00	4.00	-108.00	127	1.00
608	4.00	-108.00	2.00	-108.00	127	2.00
609	-4.00	-108.00	-5.00	-108.00	127	1.00
610	-5.00	-108.00	-6.00	-108.00	127	1.00
611	-6.00	-108.00	-8.00	-108.00	127	2.00
612	-15.00	-108.00	-15.00	-108.00	127	0.00
613	-15.00	-108.00	-16.00	-108.00	127	1.00
614	-16.00	-108.00	-18.00	-108.00	127	2.00
615	-25.00	-108.00	-26.00	-108.00	127	1.00
616	-26.00	-108.00	-27.00	-108.00	127	1.00
617	-27.00	-108.00	-28.00	-108.00	127	1.00
618	-35.00	-108.00	-36.00	-108.00	127	1.00
619	-36.00	-108.00	-37.00	-108.00	127	1.00
620	-37.00	-108.00	-39.00	-108.00	127	2.00
621	-46.00	-108.00	-46.00	-108.00	127	0.00
622	-46.00	-108.00	-47.00	-108.00	127	1.00
623	-47.00	-108.00	-49.00	-108.00	127	2.00
624	-56.00	-108.00	-57.00	-108.00	127	1.00
625	-57.00	-108.00	-58.00	-108.00	127	1.00
626	-58.00	-108.00	-60.00	-108.00	127	2.00
627	-67.00	-108.00	-67.00	-108.00	127	0.00
628	-67.00	-108.00	-68.00	-108.00	127	1.00
629	-68.00	-108.00	-70.00	-108.00	127	2.00
630	-73.00	-108.00	-73.00	-108.00	127	0.00
631	-73.00	-108.00	-73.00	-108.00	127	0.00
632	-73.00	-108.00	-73.00	-108.00	127	0.00
633	-73.00	-108.00	-73.00	-108.00	127	0.00
634	-73.00	-108.00	-73.00	-107.00	127	1.00
635	-73.00	-97.00	-73.00	-96.00	127	1.00
636	-73.00	-96.00	-73.00	-94.00	127	2.00
637	-73.00	-94.00	-73.00	-92.00	127	2.00
638	-73.00	-82.00	-73.00	-81.00	127	1.00
639	-73.00	-81.00	-73.00	-79.00	127	2.00
640	-73.00	-79.00	-73.00	-77.00	127	2.00
641	-73.00	-67.00	-73.00	-66.00	127	1.00
642	-73.00	-66.00	-73.00	-64.00	127	2.00
643	-73.00	-64.00	-73.00	-62.00	127	2.00
644	-73.00	-52.00	-73.00	-51.00	127	1.00
645	-73.00	-51.00	-73.00	-49.00	127	2.00
646	-73.00	-49.00	-73.00	-47.00	127	2.00
647	-73.00	-37.00	-73.00	-36.00	127	1.00
648	-73.00	-36.00	-73.00	-34.00	127	2.00
649	-73.00	-34.00	-73.00	-32.00	127	2.00
650	-73.00	-22.00	-73.00	-21.00	127	1.00
651	-73.00	-21.00	-73.00	-19.00	127	2.00
652	-73.00	-19.00	-73.00	-17.00	127	2.00
653	-73.00	-7.00	-73.00	-6.00	127	1.00
654	-73.00	-6.00	-73.00	-4.00	127	2.00
655	-73.00	-4.00	-73.00	-2.00	127	2.00
656	-73.00	7.00	-73.00	8.00	127	1.00
657	-73.00	8.00	-73.00	10.00	127	2.00
658	-73.00	10.00	-73.00	12.00	127	2.00
659	-73.00	23.00	-73.00	23.00	127	0.00
660	-73.00	23.00	-73.00	25.00	127	2.00
661	-73.00	25.00	-73.00	28.00	127	3.00
662	-73.00	38.00	-73.00	38.00	127	0.00
663	-73.00	38.00	-73.00	40.00	127	2.00
664	-73.00	40.00	-73.00	43.00	127	3.00
665	-73.00	53.00	-73.00	53.00	127	0.00
666	-73.00	53.00	-73.00	55.00	127	2.00
667	-73.00	55.00	-73.00	58.00	127	3.00
668	-73.00	68.00	-73.00	69.00	127	1.00
669	-73.00	69.00	-73.00	70.00	127	1.00
670	-73.00	70.00	-73.00	73.00	127	3.00
671	-73.00	83.00	-73.00	84.00	127	1.00
672	-73.00	84.00	-73.00	85.00	127	1.00
673	-73.00	85.00	-73.00	88.00	127	3.00
674	-73.00	98.00	-73.00	99.00	127	1.00
675	-73.00	99.00	-73.00	100.00	127	1.00
676	-73.00	100.00	-73.00	103.00	127	3.00
677	-73.00	108.00	-73.00	108.00	127	0.00
678	-73.00	108.00	-73.00	108.00	127	0.00
679	-73.00	108.00	-73.00	108.00	127	0.00
680	-61.00	98.00	-61.00	98.00	127	0.00
681	-61.00	98.00	-61.00	97.00	127	1.00
682	-61.00	88.00	-61.00	87.00	127	1.00
683	-61.00	87.00	-61.00	85.00	127	2.00
684	-61.00	85.00	-61.00	83.00	127	2.00
685	-61.00	74.00	-61.00	73.00	127	1.00
686	-61.00	73.00	-61.00	72.00	127	1.00
687	-61.00	72.00	-61.00	70.00	127	2.00
688	-61.00	60.00	-61.00	60.00	127	0.00
689	-61.00	60.00	-61.00	58.00	127	2.00
690	-61.00	58.00	-61.00	56.00	127	2.00
691	-61.00	47.00	-61.00	46.00	127	1.00
692	-61.00	46.00	-61.00	45.00	127	1.00
693	-61.00	45.00	-61.00	42.00	127	3.00
694	-61.00	33.00	-61.00	32.00	127	1.00
695	-61.00	32.00	-61.00	31.00	127	1.00
696	-61.00	31.00	-61.00	29.00	127	2.00
697	-61.00	20.00	-61.00	19.00	127	1.00
698	-61.00	19.00	-61.00	17.00	127	2.00
699	-61.00	17.00	-61.00	15.00	127	2.00
700	-61.00	6.00	-61.00	5.00	127	1.00
701	-61.00	5.00	-61.00	4.00	127	1.00
702	-61.00	4.00	-61.00	1.00	127	3.00
703	-61.00	-7.00	-61.00	-7.00	127	0.00
704	-61.00	-7.00	-61.00	-9.00	127	2.00
705	-61.00	-9.00	-61.00	-11.00	127	2.00
706	-61.00	-20.00	-61.00	-21.00	127	1.00
707	-61.00	-21.00	-61.00	-23.00	127	2.00
708	-61.00	-23.00	-61.00	-25.00	127	2.00
709	-61.00	-34.00	-61.00	-35.00	127	1.00
710	-61.00	-35.00	-61.00	-36.00	127	1.00
711	-61.00	-36.00	-61.00	-38.00	127	2.00
712	-61.00	-48.00	-61.00	-48.00	127	0.00
713	-61.00	-48.00	-61.00	-50.00	127	2.00
714	-61.00	-50.00	-61.00	-52.00	127	2.00
715	-61.00	-61.00	-61.00	-62.00	127	1.00
716	-61.00	-62.00	-61.00	-63.00	127	1.00
717	-61.00	-63.00	-61.00	-66.00	127	3.00
718	-61.00	-75.00	-61.00	-76.00	127	1.00
719	-61.00	-76.00	-61.00	-77.00	127	1.00
720	-61.00	-77.00	-61.00	-79.00	127	2.00
721	-61.00	-88.00	-61.00	-89.00	127	1.00
722	-61.00	-89.00	-61.00	-91.00	127	2.00
723	-61.00	-91.00	-61.00	-93.00	127	2.00
724	-61.00	-98.00	-61.00	-98.00	127	0.00
725	-61.00	-98.00	-61.00	-98.00	127	0.00
726	-61.00	-98.00	-61.00	-98.00	127	0.00
727	-61.00	-98.00	-61.00	-98.00	127	0.00
728	-61.00	-98.00	-61.00	-98.00	127	0.00
729	-55.00	-98.00	-55.00	-98.00	127	0.00
730	-55.00	-98.00	-54.00	-98.00	127	1.00
731	-54.00	-98.00	-52.00	-98.00	127	2.00
732	-46.00	-98.00	-46.00	-98.00	127	0.00
733	-46.00	-98.00	-45.00	-98.00	127	1.00
734	-45.00	-98.00	-43.00	-98.00	127	2.00
735	-37.00	-98.00	-37.00	-98.00	127	0.00
736	-37.00	-98.00	-36.00	-98.00	127	1.00
737	-36.00	-98.00	-34.00	-98.00	127	2.00
738	-28.00	-98.00	-28.00	-98.00	127	0.00
739	-28.00	-98.00	-27.00	-98.00	127	1.00
740	-27.00	-98.00	-26.00	-98.00	127	1.00
741	-20.00	-98.00	-19.00	-98.00	127	1.00
742	-19.00	-98.00	-18.00	-98.00	127	1.00
743	-18.00	-98.00	-17.00	-98.00	127	1.00
744	-11.00	-98.00	-10.00	-98.00	127	1.00
745	-10.00	-98.00	-9.00	-98.00	127	1.00
746	-9.00	-98.00	-8.00	-98.00	127	1.00
747	-2.00	-98.00	-1.00	-98.00	127	1.00
748	-1.00	-98.00	0.00	-98.00	127	1.00
749	0.00	-98.00	0.00	-98.00	127	0.00
750	6.00	-98.00	6.00	-98.00	127	0.00
751	6.00	-98.00	7.00	-98.00	127	1.00
752	7.00	-98.00	9.00	-98.00	127	2.00
753	15.00	-98.00	15.00	-98.00	127	0.00
754	15.00	-98.00	16.00	-98.00	127	1.00
755	16.00	-98.00	18.00	-98.00	127	2.00
756	24.00	-98.00	24.00	-98.00	127	0.00
757	24.00	-98.00	25.00	-98.00	127	1.00
758	25.00	-98.00	27.00	-98.00	127	2.00
759	32.00	-98.00	33.00	-98.00	127	1.00
760	33.00	-98.00	34.00	-98.00	127	1.00
761	34.00	-98.00	35.00	-98.00	127	1.00
762	41.00	-98.00	42.00	-98.00	127	1.00
763	42.00	-98.00	43.00	-98.00	127	1.00
764	43.00	-98.00	44.00	-98.00	127	1.00
765	50.00	-98.00	51.00	-98.00	127	1.00
766	51.00	-98.00	52.00	-98.00	127	1.00
767	52.00	-98.00	53.00	-98.00	127	1.00
768	59.00	-98.00	59.00	-98.00	127	0.00
769	59.00	-98.00	60.00	-98.00	127	1.00
770	60.00	-98.00	62.00	-98.00	127	2.00
771	65.00	-98.00	65.00	-98.00	127	0.00
772	65.00	-98.00	65.00	-98.00	127	0.00
773	65.00	-98.00	65.00	-98.00	127	0.00
774	65.00	-98.00	65.00	-98.00	127	0.00
775	65.00	-98.00	65.00	-97.00	127	1.00
776	65.00	-88.00	65.00	-87.00	127	1.00
777	65.00	-87.00	65.00	-85.00	127	2.00
778	65.00	-85.00	65.00	-83.00	127	2.00
779	65.00	-74.00	65.00	-73.00	127	1.00
780	65.00	-73.00	65.00	-72.00	127	1.00
781	65.00	-72.00	65.00	-70.00	127	2.00
782	65.00	-60.00	65.00	-60.00	127	0.00
783	65.00	-60.00	65.00	-58.00	127	2.00
784	65.00	-58.00	65.00	-56.00	127	2.00
785	65.00	-47.00	65.00	-46.00	127	1.00
786	65.00	-46.00	65.00	-45.00	127	1.00
787	65.00	-45.00	65.00	-42.00	127	3.00
788	65.00	-33.00	65.00	-32.00	127	1.00
789	65.00	-32.00	65.00	-31.00	127	1.00
790	65.00	-31.00	65.00	-29.00	127	2.00
791	65.00	-20.00	65.00	-19.00	127	1.00
792	65.00	-19.00	65.00	-17.00	127	2.00
793	65.00	-17.00	65.00	-15.00	127	2.00
794	65.00	-6.00	65.00	-5.00	127	1.00
795	65.00	-5.00	65.00	-4.00	127	1.00
796	65.00	-4.00	65.00	-1.00	127	3.00
797	65.00	7.00	65.00	7.00	127	0.00
798	65.00	7.00	65.00	9.00	127	2.00
799	65.00	9.00	65.00	11.00	127	2.00
800	65.00	20.00	65.00	21.00	127	1.00
801	65.00	21.00	65.00	23.00	127	2.00
802	65.00	23.00	65.00	25.00	127	2.00
803	65.00	34.00	65.00	35.00	127	1.00
804	65.00	35.00	65.00	36.00	127	1.00
805	65.00	36.00	65.00	38.00	127	2.00
806	65.00	48.00	65.00	48.00	127	0.00
807	65.00	48.00	65.00	50.00	127	2.00
808	65.00	50.00	65.00	52.00	127	2.00
809	65.00	61.00	65.00	62.00	127	1.00
810	65.00	62.00	65.00	63.00	127	1.00
811	65.00	63.00	65.00	66.00	127	3.00
812	65.00	75.00	65.00	76.00	127	1.00
813	65.00	76.00	65.00	77.00	127	1.00
814	65.00	77.00	65.00	79.00	127	2.00
815	65.00	88.00	65.00	89.00	127	1.00
816	65.00	89.00	65.00	91.00	127	2.00
817	65.00	91.00	65.00	93.00	127	2.00
818	65.00	98.00	65.00	98.00	127	0.00
819	65.00	98.00	65.00	98.00	127	0.00
820	65.00	98.00	65.00	98.00	127	0.00
821	65.00	98.00	65.00	98.00	127	0.00
822	65.00	98.00	64.00	98.00	127	1.00
823	58.00	98.00	58.00	98.00	127	0.00
824	58.00	98.00	57.00	98.00	127	1.00
825	57.00	98.00	56.00	98.00	127	1.00
826	50.00	98.00	49.00	98.00	127	1.00
827	49.00	98.00	48.00	98.00	127	1.00
828	48.00	98.00	47.00	98.00	127	1.00
829	41.00	98.00	40.00	98.00	127	1.00
830	40.00	98.00	39.00	98.00	127	1.00
831	39.00	98.00	38.00	98.00	127	1.00
832	32.00	98.00	31.00	98.00	127	1.00
833	31.00	98.00	30.00	98.00	127	1.00
834	30.00	98.00	29.00	98.00	127	1.00
835	23.00	98.00	23.00	98.00	127	0.00
836	23.00	98.00	22.00	98.00	127	1.00
837	22.00	98.00	20.00	98.00	127	2.00
838	14.00	98.00	14.00	98.00	127	0.00
839	14.00	98.00	13.00	98.00	127	1.00
840	13.00	98.00	11.00	98.00	127	2.00
841	5.00	98.00	5.00	98.00	127	0.00
842	5.00	98.00	4.00	98.00	127	1.00
843	4.00	98.00	2.00	98.00	127	2.00
844	-2.00	98.00	-3.00	98.00	127	1.00
845	-3.00	98.00	-4.00	98.00	127	1.00
846	-4.00	98.00	-5.00	98.00	127	1.00
847	-11.00	98.00	-12.00	98.00	127	1.00
848	-12.00	98.00	-13.00	98.00	127	1.00
849	-13.00	98.00	-14.00	98.00	127	1.00
850	-20.00	98.00	-21.00	98.00	127	1.00
851	-21.00	98.00	-22.00	98.00	127	1.00
852	-22.00	98.00	-23.00	98.00	127	1.00
853	-29.00	98.00	-29.00	98.00	127	0.00
854	-29.00	98.00	-30.00	98.00	127	1.00
855	-30.00	98.00	-32.00	98.00	127	2.00
856	-38.00	98.00	-38.00	98.00	127	0.00
857	-38.00	98.00	-39.00	98.00	127	1.00
858	-39.00	98.00	-41.00	98.00	127	2.00
859	-47.00	98.00	-47.00	98.00	127	0.00
860	-47.00	98.00	-48.00	98.00	127	1.00
861	-48.00	98.00	-50.00	98.00	127	2.00
862	-56.00	98.00	-56.00	98.00	127	0.00
863	-56.00	98.00	-57.00	98.00	127	1.00
864	-57.00	98.00	-58.00	98.00	127	1.00
865	-61.00	98.00	-61.00	98.00	127	0.00
866	-61.00	98.00	-61.00	98.00	127	0.00
867	-61.00	98.00	-61.00	98.00	127	0.00