 Vector Snapshot (JSVecx - Normalized to -127..+127)
Vector Count: 388 

#	X0 (DAC)	Y0 (DAC)	X1 (DAC)	Y1 (DAC)	Color	Length	Raw X0	Raw Y0
0	-6.23	25.96	-3.27	25.96	127	2.96	15691	24691
1	7.07	25.96	9.29	25.96	127	2.22	17419	24691
2	19.63	25.96	23.33	25.96	127	3.69	19051	24691
3	-6.97	26.58	-6.23	26.58	127	0.74	15595	24791
4	6.33	26.58	7.07	26.58	127	0.74	17323	24791
5	9.29	26.58	10.03	26.58	127	0.74	17707	24791
6	19.63	26.58	20.37	26.58	127	0.74	19051	24791
7	-6.97	27.20	-6.23	27.20	127	0.74	15595	24891
8	6.33	27.20	7.07	27.20	127	0.74	17323	24891
9	19.63	27.20	20.37	27.20	127	0.74	19051	24891
10	-6.97	27.82	-6.23	27.82	127	0.74	15595	24991
11	-4.75	27.82	-3.27	27.82	127	1.48	15883	24991
12	6.33	27.82	7.07	27.82	127	0.74	17323	24991
13	19.63	27.82	21.85	27.82	127	2.22	19051	24991
14	-6.97	28.44	-6.23	28.44	127	0.74	15595	25091
15	-4.01	28.44	-3.27	28.44	127	0.74	15979	25091
16	6.33	28.44	7.07	28.44	127	0.74	17323	25091
17	19.63	28.44	20.37	28.44	127	0.74	19051	25091
18	-6.97	29.06	-6.23	29.06	127	0.74	15595	25191
19	-4.01	29.06	-3.27	29.06	127	0.74	15979	25191
20	6.33	29.06	7.07	29.06	127	0.74	17323	25191
21	9.29	29.06	10.03	29.06	127	0.74	17707	25191
22	19.63	29.06	20.37	29.06	127	0.74	19051	25191
23	-6.23	29.68	-3.27	29.68	127	2.96	15691	25291
24	7.07	29.68	9.29	29.68	127	2.22	17419	25291
25	19.63	29.68	23.33	29.68	127	3.69	19051	25291
26	-36.89	40.91	-34.74	40.91	127	2.16	11707	27104
27	-29.13	40.91	-28.70	40.91	127	0.43	12715	27104
28	-27.41	40.91	-26.98	40.91	127	0.43	12939	27104
29	-21.37	40.91	-19.22	40.91	127	2.16	13723	27104
30	-13.62	40.91	-11.46	40.91	127	2.16	14731	27104
31	-5.86	40.91	-4.13	40.91	127	1.72	15739	27104
32	1.90	40.91	4.06	40.91	127	2.16	16747	27104
33	10.52	40.91	10.95	40.91	127	0.43	17867	27104
34	17.85	40.91	19.14	40.91	127	1.29	18819	27104
35	25.18	40.91	25.61	40.91	127	0.43	19771	27104
36	26.90	40.91	27.33	40.91	127	0.43	19995	27104
37	33.37	40.91	34.66	40.91	127	1.29	20835	27104
38	40.69	40.91	41.12	40.91	127	0.43	21787	27104
39	42.42	40.91	42.85	40.91	127	0.43	22011	27104
40	48.88	40.91	50.61	40.91	127	1.72	22851	27104
41	-36.89	41.53	-36.46	41.53	127	0.43	11707	27204
42	-29.13	41.53	-28.27	41.53	127	0.86	12715	27204
43	-27.41	41.53	-26.98	41.53	127	0.43	12939	27204
44	-21.37	41.53	-20.94	41.53	127	0.43	13723	27204
45	-20.51	41.53	-20.08	41.53	127	0.43	13835	27204
46	-19.65	41.53	-19.22	41.53	127	0.43	13947	27204
47	-13.62	41.53	-13.18	41.53	127	0.43	14731	27204
48	-5.86	41.53	-5.43	41.53	127	0.43	15739	27204
49	-4.13	41.53	-3.70	41.53	127	0.43	15963	27204
50	1.90	41.53	2.33	41.53	127	0.43	16747	27204
51	2.76	41.53	3.19	41.53	127	0.43	16859	27204
52	3.63	41.53	4.06	41.53	127	0.43	16971	27204
53	10.09	41.53	10.52	41.53	127	0.43	17811	27204
54	10.95	41.53	11.38	41.53	127	0.43	17923	27204
55	18.28	41.53	18.71	41.53	127	0.43	18875	27204
56	25.18	41.53	26.04	41.53	127	0.86	19771	27204
57	26.90	41.53	27.33	41.53	127	0.43	19995	27204
58	33.80	41.53	34.23	41.53	127	0.43	20891	27204
59	40.69	41.53	41.56	41.53	127	0.86	21787	27204
60	42.42	41.53	42.85	41.53	127	0.43	22011	27204
61	48.45	41.53	48.88	41.53	127	0.43	22795	27204
62	-36.89	42.15	-36.46	42.15	127	0.43	11707	27304
63	-29.13	42.15	-28.70	42.15	127	0.43	12715	27304
64	-28.27	42.15	-27.84	42.15	127	0.43	12827	27304
65	-27.41	42.15	-26.98	42.15	127	0.43	12939	27304
66	-20.51	42.15	-20.08	42.15	127	0.43	13835	27304
67	-13.62	42.15	-13.18	42.15	127	0.43	14731	27304
68	-5.86	42.15	-5.43	42.15	127	0.43	15739	27304
69	-4.13	42.15	-3.70	42.15	127	0.43	15963	27304
70	2.76	42.15	3.19	42.15	127	0.43	16859	27304
71	9.66	42.15	10.09	42.15	127	0.43	17755	27304
72	11.38	42.15	11.81	42.15	127	0.43	17979	27304
73	18.28	42.15	18.71	42.15	127	0.43	18875	27304
74	25.18	42.15	25.61	42.15	127	0.43	19771	27304
75	26.04	42.15	26.47	42.15	127	0.43	19883	27304
76	26.90	42.15	27.33	42.15	127	0.43	19995	27304
77	33.80	42.15	34.23	42.15	127	0.43	20891	27304
78	40.69	42.15	41.12	42.15	127	0.43	21787	27304
79	41.56	42.15	41.99	42.15	127	0.43	21899	27304
80	42.42	42.15	42.85	42.15	127	0.43	22011	27304
81	48.45	42.15	48.88	42.15	127	0.43	22795	27304
82	-36.89	42.77	-35.60	42.77	127	1.29	11707	27404
83	-29.13	42.77	-28.70	42.77	127	0.43	12715	27404
84	-27.84	42.77	-26.98	42.77	127	0.86	12883	27404
85	-20.51	42.77	-20.08	42.77	127	0.43	13835	27404
86	-13.62	42.77	-12.32	42.77	127	1.29	14731	27404
87	-5.86	42.77	-4.13	42.77	127	1.72	15739	27404
88	2.76	42.77	3.19	42.77	127	0.43	16859	27404
89	9.66	42.77	10.09	42.77	127	0.43	17755	27404
90	11.38	42.77	11.81	42.77	127	0.43	17979	27404
91	18.28	42.77	18.71	42.77	127	0.43	18875	27404
92	25.18	42.77	25.61	42.77	127	0.43	19771	27404
93	26.47	42.77	27.33	42.77	127	0.86	19939	27404
94	33.80	42.77	34.23	42.77	127	0.43	20891	27404
95	40.69	42.77	41.12	42.77	127	0.43	21787	27404
96	41.99	42.77	42.85	42.77	127	0.86	21955	27404
97	48.45	42.77	48.88	42.77	127	0.43	22795	27404
98	49.75	42.77	50.61	42.77	127	0.86	22963	27404
99	-36.89	43.39	-36.46	43.39	127	0.43	11707	27504
100	-29.13	43.39	-28.70	43.39	127	0.43	12715	27504
101	-27.41	43.39	-26.98	43.39	127	0.43	12939	27504
102	-20.51	43.39	-20.08	43.39	127	0.43	13835	27504
103	-13.62	43.39	-13.18	43.39	127	0.43	14731	27504
104	-5.86	43.39	-5.43	43.39	127	0.43	15739	27504
105	-5.00	43.39	-4.56	43.39	127	0.43	15851	27504
106	2.76	43.39	3.19	43.39	127	0.43	16859	27504
107	9.66	43.39	11.81	43.39	127	2.16	17755	27504
108	18.28	43.39	18.71	43.39	127	0.43	18875	27504
109	25.18	43.39	25.61	43.39	127	0.43	19771	27504
110	26.90	43.39	27.33	43.39	127	0.43	19995	27504
111	33.80	43.39	34.23	43.39	127	0.43	20891	27504
112	40.69	43.39	41.12	43.39	127	0.43	21787	27504
113	42.42	43.39	42.85	43.39	127	0.43	22011	27504
114	48.45	43.39	48.88	43.39	127	0.43	22795	27504
115	50.18	43.39	50.61	43.39	127	0.43	23019	27504
116	-36.89	44.01	-36.46	44.01	127	0.43	11707	27604
117	-29.13	44.01	-28.70	44.01	127	0.43	12715	27604
118	-27.41	44.01	-26.98	44.01	127	0.43	12939	27604
119	-20.51	44.01	-20.08	44.01	127	0.43	13835	27604
120	-13.62	44.01	-13.18	44.01	127	0.43	14731	27604
121	-5.86	44.01	-5.43	44.01	127	0.43	15739	27604
122	-4.56	44.01	-4.13	44.01	127	0.43	15907	27604
123	2.76	44.01	3.19	44.01	127	0.43	16859	27604
124	9.66	44.01	10.09	44.01	127	0.43	17755	27604
125	11.38	44.01	11.81	44.01	127	0.43	17979	27604
126	18.28	44.01	18.71	44.01	127	0.43	18875	27604
127	25.18	44.01	25.61	44.01	127	0.43	19771	27604
128	26.90	44.01	27.33	44.01	127	0.43	19995	27604
129	33.80	44.01	34.23	44.01	127	0.43	20891	27604
130	40.69	44.01	41.12	44.01	127	0.43	21787	27604
131	42.42	44.01	42.85	44.01	127	0.43	22011	27604
132	48.45	44.01	48.88	44.01	127	0.43	22795	27604
133	50.18	44.01	50.61	44.01	127	0.43	23019	27604
134	-36.89	44.63	-34.74	44.63	127	2.16	11707	27704
135	-29.13	44.63	-28.70	44.63	127	0.43	12715	27704
136	-27.41	44.63	-26.98	44.63	127	0.43	12939	27704
137	-20.51	44.63	-20.08	44.63	127	0.43	13835	27704
138	-13.62	44.63	-11.46	44.63	127	2.16	14731	27704
139	-5.86	44.63	-5.43	44.63	127	0.43	15739	27704
140	-4.13	44.63	-3.70	44.63	127	0.43	15963	27704
141	2.76	44.63	3.19	44.63	127	0.43	16859	27704
142	9.66	44.63	10.09	44.63	127	0.43	17755	27704
143	11.38	44.63	11.81	44.63	127	0.43	17979	27704
144	17.85	44.63	19.14	44.63	127	1.29	18819	27704
145	25.18	44.63	25.61	44.63	127	0.43	19771	27704
146	26.90	44.63	27.33	44.63	127	0.43	19995	27704
147	33.37	44.63	34.66	44.63	127	1.29	20835	27704
148	40.69	44.63	41.12	44.63	127	0.43	21787	27704
149	42.42	44.63	42.85	44.63	127	0.43	22011	27704
150	48.88	44.63	50.61	44.63	127	1.72	22851	27704
151	-26.14	53.50	-25.71	53.50	127	0.43	13104	29136
152	-24.41	53.50	-23.98	53.50	127	0.43	13328	29136
153	-18.38	53.50	-16.23	53.50	127	2.16	14112	29136
154	-10.62	53.50	-10.19	53.50	127	0.43	15120	29136
155	-8.90	53.50	-8.47	53.50	127	0.43	15344	29136
156	5.33	53.50	6.62	53.50	127	1.29	17192	29136
157	12.65	53.50	14.38	53.50	127	1.72	18144	29136
158	20.41	53.50	22.57	53.50	127	2.16	19152	29136
159	29.03	53.50	29.46	53.50	127	0.43	20272	29136
160	36.36	53.50	37.65	53.50	127	1.29	21224	29136
161	-26.14	54.12	-25.28	54.12	127	0.86	13104	29236
162	-24.41	54.12	-23.98	54.12	127	0.43	13328	29236
163	-18.38	54.12	-17.95	54.12	127	0.43	14112	29236
164	-10.62	54.12	-10.19	54.12	127	0.43	15120	29236
165	-8.90	54.12	-8.47	54.12	127	0.43	15344	29236
166	5.76	54.12	6.19	54.12	127	0.43	17248	29236
167	13.08	54.12	13.52	54.12	127	0.43	18200	29236
168	14.38	54.12	14.81	54.12	127	0.43	18368	29236
169	20.41	54.12	20.84	54.12	127	0.43	19152	29236
170	28.60	54.12	29.03	54.12	127	0.43	20216	29236
171	29.46	54.12	29.90	54.12	127	0.43	20328	29236
172	35.93	54.12	36.36	54.12	127	0.43	21168	29236
173	37.65	54.12	38.08	54.12	127	0.43	21392	29236
174	-26.14	54.74	-25.71	54.74	127	0.43	13104	29336
175	-25.28	54.74	-24.85	54.74	127	0.43	13216	29336
176	-24.41	54.74	-23.98	54.74	127	0.43	13328	29336
177	-18.38	54.74	-17.95	54.74	127	0.43	14112	29336
178	-10.62	54.74	-10.19	54.74	127	0.43	15120	29336
179	-8.90	54.74	-8.47	54.74	127	0.43	15344	29336
180	5.76	54.74	6.19	54.74	127	0.43	17248	29336
181	13.08	54.74	13.52	54.74	127	0.43	18200	29336
182	14.38	54.74	14.81	54.74	127	0.43	18368	29336
183	20.41	54.74	20.84	54.74	127	0.43	19152	29336
184	28.17	54.74	28.60	54.74	127	0.43	20160	29336
185	29.90	54.74	30.33	54.74	127	0.43	20384	29336
186	36.36	54.74	36.79	54.74	127	0.43	21224	29336
187	-26.14	55.36	-25.71	55.36	127	0.43	13104	29436
188	-24.85	55.36	-23.98	55.36	127	0.86	13272	29436
189	-18.38	55.36	-17.09	55.36	127	1.29	14112	29436
190	-10.62	55.36	-10.19	55.36	127	0.43	15120	29436
191	-9.76	55.36	-9.33	55.36	127	0.43	15232	29436
192	-8.90	55.36	-8.47	55.36	127	0.43	15344	29436
193	5.76	55.36	6.19	55.36	127	0.43	17248	29436
194	13.08	55.36	13.52	55.36	127	0.43	18200	29436
195	14.38	55.36	14.81	55.36	127	0.43	18368	29436
196	20.41	55.36	21.71	55.36	127	1.29	19152	29436
197	28.17	55.36	28.60	55.36	127	0.43	20160	29436
198	29.90	55.36	30.33	55.36	127	0.43	20384	29436
199	36.79	55.36	37.22	55.36	127	0.43	21280	29436
200	-26.14	55.98	-25.71	55.98	127	0.43	13104	29536
201	-24.41	55.98	-23.98	55.98	127	0.43	13328	29536
202	-18.38	55.98	-17.95	55.98	127	0.43	14112	29536
203	-10.62	55.98	-10.19	55.98	127	0.43	15120	29536
204	-9.76	55.98	-9.33	55.98	127	0.43	15232	29536
205	-8.90	55.98	-8.47	55.98	127	0.43	15344	29536
206	5.76	55.98	6.19	55.98	127	0.43	17248	29536
207	13.08	55.98	13.52	55.98	127	0.43	18200	29536
208	14.38	55.98	14.81	55.98	127	0.43	18368	29536
209	20.41	55.98	20.84	55.98	127	0.43	19152	29536
210	28.17	55.98	30.33	55.98	127	2.16	20160	29536
211	37.22	55.98	37.65	55.98	127	0.43	21336	29536
212	-26.14	56.60	-25.71	56.60	127	0.43	13104	29636
213	-24.41	56.60	-23.98	56.60	127	0.43	13328	29636
214	-18.38	56.60	-17.95	56.60	127	0.43	14112	29636
215	-10.62	56.60	-10.19	56.60	127	0.43	15120	29636
216	-9.76	56.60	-9.33	56.60	127	0.43	15232	29636
217	-8.90	56.60	-8.47	56.60	127	0.43	15344	29636
218	5.76	56.60	6.19	56.60	127	0.43	17248	29636
219	13.08	56.60	13.52	56.60	127	0.43	18200	29636
220	14.38	56.60	14.81	56.60	127	0.43	18368	29636
221	20.41	56.60	20.84	56.60	127	0.43	19152	29636
222	28.17	56.60	28.60	56.60	127	0.43	20160	29636
223	29.90	56.60	30.33	56.60	127	0.43	20384	29636
224	35.93	56.60	36.36	56.60	127	0.43	21168	29636
225	37.65	56.60	38.08	56.60	127	0.43	21392	29636
226	-26.14	57.22	-25.71	57.22	127	0.43	13104	29736
227	-24.41	57.22	-23.98	57.22	127	0.43	13328	29736
228	-18.38	57.22	-16.23	57.22	127	2.16	14112	29736
229	-10.19	57.22	-9.76	57.22	127	0.43	15176	29736
230	-9.33	57.22	-8.90	57.22	127	0.43	15288	29736
231	5.33	57.22	6.62	57.22	127	1.29	17192	29736
232	12.65	57.22	14.38	57.22	127	1.72	18144	29736
233	20.41	57.22	22.57	57.22	127	2.16	19152	29736
234	28.17	57.22	28.60	57.22	127	0.43	20160	29736
235	29.90	57.22	30.33	57.22	127	0.43	20384	29736
236	36.36	57.22	37.65	57.22	127	1.29	21224	29736
237	-81.11	-101.10	-73.17	-101.10	127	7.94	5962	4180
238	-69.20	-101.10	-61.25	-101.10	127	7.94	7510	4180
239	-57.28	-101.10	-49.34	-101.10	127	7.94	9058	4180
240	-45.37	-101.10	-37.42	-101.10	127	7.94	10606	4180
241	-33.45	-101.10	-25.51	-101.10	127	7.94	12154	4180
242	-21.54	-101.10	-13.59	-101.10	127	7.94	13702	4180
243	-9.62	-101.10	-1.68	-101.10	127	7.94	15250	4180
244	2.29	-101.10	10.24	-101.10	127	7.94	16798	4180
245	14.21	-101.10	22.15	-101.10	127	7.94	18346	4180
246	26.12	-101.10	34.07	-101.10	127	7.94	19894	4180
247	38.04	-101.10	45.98	-101.10	127	7.94	21442	4180
248	49.95	-101.10	57.90	-101.10	127	7.94	22990	4180
249	61.87	-101.10	69.81	-101.10	127	7.94	24538	4180
250	73.78	-101.10	81.73	-101.10	127	7.94	26086	4180
251	85.70	-101.10	86.36	-101.10	127	0.66	27634	4180
252	86.36	-101.10	86.36	-101.10	127	0.00	27720	4180
253	86.36	-99.53	86.36	-90.09	127	9.44	27720	4434
254	86.36	-85.37	86.36	-75.93	127	9.44	27720	6720
255	86.36	-71.21	86.36	-61.77	127	9.44	27720	9006
256	86.36	-57.04	86.36	-47.60	127	9.44	27720	11292
257	86.36	-42.88	86.36	-33.44	127	9.44	27720	13578
258	86.36	-28.72	86.36	-19.28	127	9.44	27720	15864
259	86.36	-14.56	86.36	-5.12	127	9.44	27720	18150
260	86.36	-0.40	86.36	9.04	127	9.44	27720	20436
261	86.36	13.77	86.36	23.21	127	9.44	27720	22722
262	86.36	27.93	86.36	37.37	127	9.44	27720	25008
263	86.36	42.09	86.36	51.53	127	9.44	27720	27294
264	86.36	56.25	86.36	65.69	127	9.44	27720	29580
265	86.36	70.41	86.36	79.86	127	9.44	27720	31866
266	86.36	84.58	86.36	94.02	127	9.44	27720	34152
267	86.36	98.74	86.36	99.52	127	0.79	27720	36438
268	86.36	99.52	86.36	99.52	127	0.00	27720	36565
269	85.02	99.52	76.99	99.52	127	8.04	27546	36565
270	72.97	99.52	64.93	99.52	127	8.04	25980	36565
271	60.91	99.52	52.88	99.52	127	8.04	24414	36565
272	48.86	99.52	40.82	99.52	127	8.04	22848	36565
273	36.81	99.52	28.77	99.52	127	8.04	21282	36565
274	24.75	99.52	16.72	99.52	127	8.04	19716	36565
275	12.70	99.52	4.66	99.52	127	8.04	18150	36565
276	0.65	99.52	-7.39	99.52	127	8.04	16584	36565
277	-11.41	99.52	-19.44	99.52	127	8.04	15018	36565
278	-23.46	99.52	-31.50	99.52	127	8.04	13452	36565
279	-35.51	99.52	-43.55	99.52	127	8.04	11886	36565
280	-47.57	99.52	-55.60	99.52	127	8.04	10320	36565
281	-59.62	99.52	-67.66	99.52	127	8.04	8754	36565
282	-71.67	99.52	-79.71	99.52	127	8.04	7188	36565
283	-83.73	99.52	-84.40	99.52	127	0.67	5622	36565
284	-84.40	99.52	-84.40	99.52	127	0.00	5535	36565
285	-84.40	97.96	-84.40	88.60	127	9.37	5535	36313
286	-84.40	83.91	-84.40	74.55	127	9.37	5535	34045
287	-84.40	69.86	-84.40	60.50	127	9.37	5535	31777
288	-84.40	55.81	-84.40	46.44	127	9.37	5535	29509
289	-84.40	41.76	-84.40	32.39	127	9.37	5535	27241
290	-84.40	27.71	-84.40	18.34	127	9.37	5535	24973
291	-84.40	13.66	-84.40	4.29	127	9.37	5535	22705
292	-84.40	-0.39	-84.40	-9.76	127	9.37	5535	20437
293	-84.40	-14.44	-84.40	-23.81	127	9.37	5535	18169
294	-84.40	-28.49	-84.40	-37.86	127	9.37	5535	15901
295	-84.40	-42.54	-84.40	-51.91	127	9.37	5535	13633
296	-84.40	-56.59	-84.40	-65.96	127	9.37	5535	11365
297	-84.40	-70.64	-84.40	-80.01	127	9.37	5535	9097
298	-84.40	-84.69	-84.40	-94.06	127	9.37	5535	6829
299	-84.40	-98.74	-84.40	-99.52	127	0.78	5535	4561
300	-84.40	-99.52	-84.40	-99.52	127	0.00	5535	4435
301	-70.66	-88.63	-70.66	-80.16	127	8.47	7320	6193
302	-70.66	-75.92	-70.66	-67.45	127	8.47	7320	8245
303	-70.66	-63.21	-70.66	-54.73	127	8.47	7320	10297
304	-70.66	-50.50	-70.66	-42.02	127	8.47	7320	12349
305	-70.66	-37.78	-70.66	-29.31	127	8.47	7320	14401
306	-70.66	-25.07	-70.66	-16.60	127	8.47	7320	16453
307	-70.66	-12.36	-70.66	-3.88	127	8.47	7320	18505
308	-70.66	0.35	-70.66	8.83	127	8.47	7320	20557
309	-70.66	13.07	-70.66	21.54	127	8.47	7320	22609
310	-70.66	25.78	-70.66	34.25	127	8.47	7320	24661
311	-70.66	38.49	-70.66	46.97	127	8.47	7320	26713
312	-70.66	51.20	-70.66	59.68	127	8.47	7320	28765
313	-70.66	63.92	-70.66	72.39	127	8.47	7320	30817
314	-70.66	76.63	-70.66	85.10	127	8.47	7320	32869
315	-70.66	89.34	-70.66	90.05	127	0.71	7320	34921
316	-70.66	90.05	-70.66	90.05	127	0.00	7320	35035
317	-69.52	90.05	-62.68	90.05	127	6.83	7468	35035
318	-59.27	90.05	-52.43	90.05	127	6.83	8800	35035
319	-49.01	90.05	-42.18	90.05	127	6.83	10132	35035
320	-38.76	90.05	-31.93	90.05	127	6.83	11464	35035
321	-28.51	90.05	-21.67	90.05	127	6.83	12796	35035
322	-18.26	90.05	-11.42	90.05	127	6.83	14128	35035
323	-8.00	90.05	-1.17	90.05	127	6.83	15460	35035
324	2.25	90.05	9.08	90.05	127	6.83	16792	35035
325	12.50	90.05	19.33	90.05	127	6.83	18124	35035
326	22.75	90.05	29.59	90.05	127	6.83	19456	35035
327	33.00	90.05	39.84	90.05	127	6.83	20788	35035
328	43.26	90.05	50.09	90.05	127	6.83	22120	35035
329	53.51	90.05	60.34	90.05	127	6.83	23452	35035
330	63.76	90.05	70.60	90.05	127	6.83	24784	35035
331	74.01	90.05	74.58	90.05	127	0.57	26116	35035
332	74.58	90.05	74.58	90.05	127	0.00	26190	35035
333	74.58	88.63	74.58	80.16	127	8.47	26190	34807
334	74.58	75.92	74.58	67.45	127	8.47	26190	32755
335	74.58	63.21	74.58	54.73	127	8.47	26190	30703
336	74.58	50.50	74.58	42.02	127	8.47	26190	28651
337	74.58	37.78	74.58	29.31	127	8.47	26190	26599
338	74.58	25.07	74.58	16.60	127	8.47	26190	24547
339	74.58	12.36	74.58	3.88	127	8.47	26190	22495
340	74.58	-0.35	74.58	-8.83	127	8.47	26190	20443
341	74.58	-13.07	74.58	-21.54	127	8.47	26190	18391
342	74.58	-25.78	74.58	-34.25	127	8.47	26190	16339
343	74.58	-38.49	74.58	-46.97	127	8.47	26190	14287
344	74.58	-51.20	74.58	-59.68	127	8.47	26190	12235
345	74.58	-63.92	74.58	-72.39	127	8.47	26190	10183
346	74.58	-76.63	74.58	-85.10	127	8.47	26190	8131
347	74.58	-89.34	74.58	-90.05	127	0.71	26190	6079
348	74.58	-90.05	74.58	-90.05	127	0.00	26190	5965
349	73.44	-90.05	66.61	-90.05	127	6.83	26042	5965
350	63.19	-90.05	56.36	-90.05	127	6.83	24710	5965
351	52.94	-90.05	46.10	-90.05	127	6.83	23378	5965
352	42.69	-90.05	35.85	-90.05	127	6.83	22046	5965
353	32.44	-90.05	25.60	-90.05	127	6.83	20714	5965
354	22.18	-90.05	15.35	-90.05	127	6.83	19382	5965
355	11.93	-90.05	5.10	-90.05	127	6.83	18050	5965
356	1.68	-90.05	-5.16	-90.05	127	6.83	16718	5965
357	-8.57	-90.05	-15.41	-90.05	127	6.83	15386	5965
358	-18.83	-90.05	-25.66	-90.05	127	6.83	14054	5965
359	-29.08	-90.05	-35.91	-90.05	127	6.83	12722	5965
360	-39.33	-90.05	-46.17	-90.05	127	6.83	11390	5965
361	-49.58	-90.05	-56.42	-90.05	127	6.83	10058	5965
362	-59.84	-90.05	-66.67	-90.05	127	6.83	8726	5965
363	-70.09	-90.05	-70.66	-90.05	127	0.57	7394	5965
364	-70.66	-90.05	-70.66	-90.05	127	0.00	7320	5965
365	-32.38	-30.68	-31.64	-30.68	127	0.74	12293	15547
366	-29.43	-30.68	-28.69	-30.68	127	0.74	12677	15547
367	-19.08	-30.68	-15.39	-30.68	127	3.69	14021	15547
368	-5.04	-30.68	-2.82	-30.68	127	2.22	15845	15547
369	7.52	-30.68	11.21	-30.68	127	3.69	17477	15547
370	20.82	-30.68	23.78	-30.68	127	2.96	19205	15547
371	34.12	-30.68	37.82	-30.68	127	3.69	20933	15547
372	47.42	-30.68	48.16	-30.68	127	0.74	22661	15547
373	50.38	-30.68	51.12	-30.68	127	0.74	23045	15547
374	-32.38	-28.36	-31.64	-28.36	127	0.74	12293	15922
375	-29.43	-28.36	-28.69	-28.36	127	0.74	12677	15922
376	-19.08	-28.36	-18.34	-28.36	127	0.74	14021	15922
377	-5.78	-28.36	-5.04	-28.36	127	0.74	15749	15922
378	-2.82	-28.36	-2.09	-28.36	127	0.74	16133	15922
379	7.52	-28.36	8.26	-28.36	127	0.74	17477	15922
380	9.00	-28.36	9.74	-28.36	127	0.74	17669	15922
381	10.48	-28.36	11.21	-28.36	127	0.74	17861	15922
382	20.82	-28.36	21.56	-28.36	127	0.74	19205	15922
383	23.78	-28.36	24.51	-28.36	127	0.74	19589	15922
384	34.12	-28.36	34.86	-28.36	127	0.74	20933	15922
385	47.42	-28.36	48.16	-28.36	127	0.74	22661	15922
386	50.38	-28.36	51.12	-28.36	127	0.74	23045	15922
387	-32.38	-26.04	-31.64	-26.04	127	0.74	12293	16297